Iron (EQUALS RADII, ALF=2/3)  (Title)
  23.20                        (Lattice constant (a.u.; 1au=0.5292A))
  0.711  0.0000  0.0000
  0.000  0.2480  0.0000
  0.259  0.0000  0.966
   2
O
    7 8.0000  6.0000  1.30000
  0.000  0.248  0.000 #1
  0.342  0.124 -0.173 #4
  0.124  0.124 -0.177 #5
  0.013  0.248 -0.321 #7
  0.224  0.249 -0.314 #6
  0.113  0.124 -0.488 #10
  0.353  0.124 -0.481 #11


Ga
   4 31.0000  3.0000  2.20000
  0.000 0.124  -0.071 #2
  0.248 0.000  -0.147 #3
  0.108 0.124  -0.331 #8
  0.354 0.248  -0.400 #9
  3
  0.6667
  10

